mesh 0 building-50-0.x
width 10
depth 10
height
50 50 50 50 50 50 50 50 50 50
50 49 49 49 49 49 49 49 49 50
50 49 51 51 49 49 49 49 49 50
50 49 51 51 49 49 49 49 49 50
50 49 49 49 49 49 49 49 49 50
50 49 49 49 49 49 49 49 49 50
50 49 49 49 49 49 49 49 49 50
50 49 49 49 49 49 49 49 49 50
50 49 49 49 49 49 49 49 49 50
50 50 50 50 50 50 50 50 50 50
bound
0  0  0  0  0  0  0  0  0  0
0  0  0  0  0  0  0  0  0  0
0  0  0  0  0  0  0  0  0  0
0  0  0  0  0  0  0  0  0  0
0  0  0  0  0  0  0  0  0  0
0  0  0  0  0  0  0  0  0  0
0  0  0  0  0  0  0  0  0  0
0  0  0  0  0  0  0  0  0  0
0  0  0  0  0  0  0  0  0  0
0  0  0  0  0  0  0  0  0  0