mesh 0 building-100-0.x
width 20
depth 20
height
100 100 100 100 100 100 100 100 100 100 100 100 100 100 100 100 100 100 100 100
100  99  99  99  99  99  99  99  99  99  99  99  99  99  99  99  99  99  99 100
100  99  99  99  99  99  99  99  99  99  99  99  99  99  99  99  99  99  99 100
100  99  99  99  99  99  99  99  99  99  99  99  99  99  99  99  99  99  99 100
100  99  99  99  99  99  99  99  99  99  99  99  99  99  99  99  99  99  99 100
100  99  99  99  99  99  99  99  99  99  99  99  99  99  99  99  99  99  99 100
100  99  99  99  99  99  99  99  99  99  99  99  99  99  99  99  99  99  99 100
100  99  99  99  99  99  99  99  99  99  99  99  99  99  99  99  99  99  99 100
100  99  99  99  99  99  99  99  99  99  99  99  99  99  99  99  99  99  99 100
100  99  99  99  99  99  99  99  99  99  99  99  99  99  99  99  99  99  99 100
100  99  99  99  99  99  99  99  99  99  99  99  99  99  99  99  99  99  99 100
100  99  99  99  99  99  99  99  99  99  99  99  99  99  99  99  99  99  99 100
100  99  99  99  99  99  99  99  99  99  99  99  99  99  99  99  99  99  99 100
100  99  99  99  99  99  99  99  99  99  99  99  99  99  99  99  99  99  99 100
100  99  99  99  99  99  99  99  99  99  99  99  99  99  99  99  99  99  99 100
100  99  99  99  99  99  99  99  99  99  99  99  99  99  99  99  99  99  99 100
100  99  99  99  99  99  99  99  99  99  99  99  99  99  99  99  99  99  99 100
100  99  99  99  99  99  99  99  99  99  99  99  99  99  99  99  99  99  99 100
100  99  99  99  99  99  99  99  99  99  99  99  99  99  99  99  99  99  99 100
100 100 100 100 100 100 100 100 100 100 100 100 100 100 100 100 100 100 100 100
bound